0,278
0,407
0,406
0,405
0,404
0,386
0,273
0,270
34,4
34,3
34,2
34,1
34,0
33,3
33,2
0,9
33,1
33,0
4,37
4,85
4,22
4,27
6,7
6,4
6,5
6,2
6,3
7,15
7,12
7,14
7,4
7,11
7,16
7,2
7,3
5,4
5,2
5,1
5,3
32,49
32,48
32,47
32,46
32,45
32,44
32,43
32,42
32,41
32,40
32,39
32,38
32,37
32,36
32,35
3,2
10,268
10,148
10,95
10,245
10,144
10,104
10,130
10,174
10,2
10,3
11,5
11,10
11,24
11,26
11,25
11,20
11,2
11,3
9,5
9,2
9,3
8,7
8,11
8,5
8,2
8,3
12,2
12,1
12,3
29,5
29,4
29,3
29,2
29,1
29,0
28,5
28,4
28,3
28,2
28,1
28,0
